6949511854
6951645900
6953053508
6937312427
6947928767
6947181574
6956993439
6928933047
6958201921
6959523270
6927262850
6956930037
6954508627
6951541478
6957972484
6956134227
6942228676
6951529540
6936490610
6939403718
6943094254
6940159911
6950882578
6959307134
6955405043
6927899523
6947174278
6959089526
6940787517
6934705587
6957120291
6959349251
6955521709
6951993541
6956737388
6935734169
6917903329
6945096884
6955818125
6957423287
6959301931
6952626365
6954009369
6943991213
6959095695
6925180315
6928486768
6958230115
6923309168
6918999162
6942500476
6946684193
6950845004
6957344600
6948829956
6947044936
6938668525
6952477006
6953800878
6957321360
6909224100
6954992368
6954723060
6917673300
6958108785
6945760489
6934562837
6915521838
6958384003
6952885309
6934158394
6956813404
6958148937
6951590884
6959707607
6932114514
6927209914
6951841623
6948634487
6955880104
6956952107
6951594631
6944569159
6948944344
6956260402
6957968655
6951907262
6958847404
6959103078
6956756437
6944515085
6943999341
6930291454
6953713519
6955724925
6946701616
6947819666
6950205553
6947570990
6956256892
6929360591
6957671022
6959364201
6942234531
6957325556
6948403384
6946785240
6957233896
6943607279
6955882031
6942313820
6956168769
6958029415
6950707865
6957219013
6928720399
6958091712
6914541772
6941615919
6954608895
6958781765
6947228684
6921723033
6958287783
6914077387
6952008267
6936365006
6952390902
6956552914
6930791699
6956987000
6959706013
6955269609
6945732211
6942214279
6952364186
6958073612
6945651694
6952007331
6927497896
6954969727
6953041343
6950884405
6949045026
6928269646
6934747656
6951885127
6943546902
6959019889
6934188144
6928313397
6945362755
6933979649
6947435745
6952776716
6926691415
6926228184
6946174416
6909334906
6946190073
6927790784
6948263655
6955348638
6959649004
6958191889
6926158012
6947562182
6951019321
6928323070
6941714067
6956053602
6923522917
6955069042
6916787108
6941499294
6954670178
6934642515
6955091413
6926580042
6952629104
6957370375
6948666476
6957016759
6948149012
6920493943
6954126719
6942082462
6955147102
6938227268
6951635669
6955875840
6952748665
6951741035
6947641318
6940749310
6946492406
6959346549
6933472004
6923725240
6954597840
6945149115
6941756388
6957550612
6952500653
6951680722
6958153890
6957553578
6936954164
6959048563
6950392579
6942780783
6951859269
6956437831
6959610102
6945405711
6948984220
6956731424
6945859166
6923861835
6955811595
6952580270
6910673540
6956131824
6952796829
6950204262
6959395330
6951988745
6931763827
6941019393
6939754273
6944629756
6940781286
6945356814
6935636066
6957550953
6958068153
6947401003
6954038984
6951280839
6920406602
6957634105
6951279234
6959371662
6951969238
6948742836
6932194625
6952740715
6939555530
6949939747
6940053136
6956498756
6932355977
6945925378
6950040228
6957282211
6954375319
6958206547
6957602411
6933540087
6952527408
6952415664
6958159307
6947168504
6925555122
6927116934
6957393811
6952124392
6958964105
6958043525
6939101861
6958311777
6921817938
6928955483
6950995923
6957700599
6947898501
6954136209
6954773130
6957325922
6942516471
6926902577
6910626010
6928045558
6907465839
6956957749
6955515644
6958752825
6949932177
6923522084
6932500804
6948749624
6956259954
6959092693
6943286691
6955239238
6951852282
6950246228
6941320682
6951650518
6956883882
6948720588
6950455542
6950011025
6951884017
6959858819
6956646361
6954941350
6957518630
6958416096
6947616542
6934124724
6958129867
6935663471
6951142575
6944007792
6954966337
6952023460
6955516640
6884849799
6938007840
6953220510
6959669463
6922576037
6957245961
6933831845
6951092771
6952797098
6954008377
6947887581
6959366835
6954488380
6956855806
6945368201
6946940210
6941729096
6957478367
6957621054
6946859533
6952540408
6951693180
6916089975
6933309639
6948247313
6958290810
6943985123
6945178846
6955191447
6949741798
6953775602
6954007323
6951032031
6956076504
6954383684
6946048344
6955012964
6894076184
6950454843
6937511738
6956009572
6946700835
6932869792
6947851982
6931287972
6948687970
6949732529
6954015891
6954760333
6952003059
6947231669
6959270122
6956500549
6951896685
6945860039
6957657089
6934172437
6946021713
6958339892
6943746407
6956259971
6953220624
6950413762
6947705226
6951028133
6958435950
6939408321
6932094858
6951103330
6946734740
6955494519
6910622403
6947276302
6945226607
6947165569
6941747756
6954391127
6941196453
6956780364
6916764196
6948115669
6946650202
6948744954
6940691992
6925556539
6943124148
6936554510
6941726672
6935683770
6925545642
6958358460
6951790937
6952031208
6941710519
6947262173
6955224548
6958599093
6951812347
6955072081
6936935066
6931365150
6956064349
6932710747
6956520289
6958432925
6949691213
6955150680
6931988832
6953101225
6953827854
6955027045
6955202552
6944403205
6955450498
6939878450
6951679623
6939825064
6947984586
6945031641
6924353898
6946111204
6956990694
6958939719
6951772794
6959625618
6926711253
6950967147
6954189929
6929507078
6957054395
6958315224
6945127753
6926835564
6951587040
6929460969
6955337086
6926041509
6951901444
6953500027
6932112239
6950759743
6957597236
